13033.333333333334
12950.0
12950.0
12983.333333333334
13000.0
12966.666666666666
12916.666666666666
12750.0
12533.333333333334
12416.666666666666
12433.333333333334
12466.666666666666
12416.666666666666
12200.0
12000.0
11716.666666666666
11533.333333333334
11666.666666666666
12016.666666666666
12350.0
12400.0
12483.333333333334
12550.0
12550.0
12333.333333333334
12083.333333333334
12016.666666666666
12016.666666666666
12183.333333333334
12266.666666666666
12333.333333333334
12283.333333333334
12166.666666666666
12116.666666666666
12083.333333333334
12183.333333333334
12300.0
12400.0
12366.666666666666
12200.0
12166.666666666666
12250.0
12533.333333333334
12700.0
12816.666666666666
12800.0
12833.333333333334
12850.0
12866.666666666666
12833.333333333334
12783.333333333334
12766.666666666666
12783.333333333334
12816.666666666666
12800.0
12800.0
12816.666666666666
12933.333333333334
13050.0
13066.666666666666
13000.0
12916.666666666666
12883.333333333334
12883.333333333334
12850.0
12766.666666666666
12733.333333333334
12700.0
12766.666666666666
12766.666666666666
12666.666666666666
12466.666666666666
12333.333333333334
12266.666666666666
12233.333333333334
12166.666666666666
12133.333333333334
12166.666666666666
12183.333333333334
12166.666666666666
12050.0
11916.666666666666
11783.333333333334
11583.333333333334
11416.666666666666
11333.333333333334
11433.333333333334
11483.333333333334
11383.333333333334
11283.333333333334
11183.333333333334
11166.666666666666
11133.333333333334
11183.333333333334
11283.333333333334
11483.333333333334
11700.0
11816.666666666666
11816.666666666666
11750.0
11750.0
11750.0
11716.666666666666
11550.0
11366.666666666666
11100.0
10950.0
10783.333333333334
10550.0
10350.0
10133.333333333334
10026.666666666666
10010.0
10260.0
10650.0
11050.0
11200.0
11266.666666666666
11100.0
10950.0
10866.666666666666
10966.666666666666
11100.0
11233.333333333334
11216.666666666666
11216.666666666666
11183.333333333334
11233.333333333334
11283.333333333334
11333.333333333334
11416.666666666666
11483.333333333334
11450.0
11516.666666666666
11433.333333333334
11483.333333333334
11366.666666666666
11350.0
11366.666666666666
11400.0
11416.666666666666
11400.0
11416.666666666666
11450.0
11400.0
11300.0
11250.0
11250.0
11416.666666666666
11583.333333333334
11716.666666666666
11666.666666666666
11533.333333333334
11416.666666666666
11400.0
11433.333333333334
11450.0
11383.333333333334
11383.333333333334
11366.666666666666
11350.0
11250.0
11133.333333333334
10983.333333333334
10800.0
10733.333333333334
10883.333333333334
11100.0
11216.666666666666
11233.333333333334
11166.666666666666
11233.333333333334
11433.333333333334
11683.333333333334
11850.0
11616.666666666666
11433.333333333334
11216.666666666666
11183.333333333334
11166.666666666666
11166.666666666666
11166.666666666666
11250.0
11333.333333333334
11300.0
11150.0
11000.0
11033.333333333334
11066.666666666666
11116.666666666666
11133.333333333334
11133.333333333334
11116.666666666666
11150.0
11116.666666666666
11100.0
11066.666666666666
11116.666666666666
11100.0
11033.333333333334
10966.666666666666
10900.0
10900.0
10883.333333333334
10950.0
11000.0
11016.666666666666
11200.0
11300.0
11483.333333333334
11466.666666666666
11500.0
11500.0
11483.333333333334
11450.0
11416.666666666666
11416.666666666666
11450.0
11483.333333333334
11500.0
11516.666666666666
11533.333333333334
11566.666666666666
11616.666666666666
11616.666666666666
11583.333333333334
11516.666666666666
11533.333333333334
11566.666666666666
11550.0
11533.333333333334
11516.666666666666
11550.0
11583.333333333334
11600.0
11616.666666666666
11600.0
11550.0
11516.666666666666
11450.0
11250.0
11033.333333333334
